   23.0065
  109.0533
  206.2741
  166.5442
  -91.8036
  146.3848
 -431.7730
 -364.7046
  122.0970
  -58.7673
 -206.2217
 -109.9584
  114.6333
  392.3117
  383.0065
 -476.0308
  369.4736
    1.2501
 -382.9055
  -59.5781
 -488.0365
   31.8592
  -80.9153
  -62.9090
  -14.0721
  116.6109
  217.8655
 -307.5135
   59.8495
  287.4803
 -433.8068
 -219.6892
   55.5764
  208.7917
 -228.2804
  116.2581
  -41.5167
 -331.2378
   66.7720
  427.4667
 -481.3529
 -214.3280
  302.5783
 -204.4815
 -281.9988
 -438.7707
  -55.5476
 -431.7001
   16.5970
  290.5957
$Id: num.data,v 1.1 2012-03-08 18:53:47-08 - - $
